40,3
17,5
7,3
13,3
34,3
11,3
2,8
0,438
14,1
14,76
0,423
0,365
0,425
0,352
38,3
38,4
0,363
0,361
14,70
14,69
14,67
14,65
14,64
14,36
14,35
14,33
14,32
0,359
0,358
15,3
16,3
0,357
0,356
0,355
0,354
0,353
0,440
0,351
0,350
0,439
14,72
0,300
0,299
0,298
0,297
0,296
0,295
0,294
0,293
0,292
0,291
0,290
0,289
0,288
0,287
0,286
0,285
0,284
0,283
0,282
0,281
0,280
0,279
0,278
0,277
0,276
0,275
0,274
0,273
0,272
0,271
0,270
0,269
0,268
0,267
0,266
0,265
0,264
0,263
0,262
0,261
0,260
0,259
0,258
0,257
0,256
0,255
0,254
0,253
0,252
0,251
0,250
0,249
0,248
0,247
0,246
0,245
0,244
0,242
0,241
0,240
0,239
0,238
0,237
0,236
0,235
0,234
0,233
0,232
0,231
0,230
0,229
0,228
0,227
0,226
0,225
0,224
0,223
0,222
0,221
0,220
0,219
0,218
0,217
0,216
0,215
0,214
0,213
0,212
0,211
0,344
0,207
0,206
0,205
0,204
0,203
0,202
0,201
0,200
0,199
0,198
0,197
0,196
0,195
0,194
0,193
0,192
0,63
0,62
0,61
0,60
0,59
0,58
0,57
0,56
0,55
0,54
0,53
0,52
0,51
0,50
0,49
0,48
0,47
0,46
0,45
0,6
0,346
0,345
0,341
38,5
32,4
15,4
14,71
14,68
14,66
14,37
14,34
0,210
14,73
0,209
0,208
0,243
0,433
14,2
14,74
12,3
0,427
14,31
14,30
14,29
14,28
14,27
14,26
14,25
14,24
14,23
14,22
14,21
14,20
14,19
14,18
14,17
14,16
14,15
14,14
14,13
14,12
14,11
14,10
14,9
14,8
14,6
14,0
14,5
14,4
14,3
12,5
0,338
0,337
0,334
0,333
59,3
59,2
59,1
59,0
58,5
58,4
58,3
58,2
58,1
58,0
57,4
57,3
57,2
57,1
57,0
56,4
56,3
56,2
56,1
56,0
0,375
55,10
55,9
55,8
55,7
55,6
55,5
55,4
55,3
55,2
55,1
55,0
11,4
9,3
8,3
10,3
9,5
0,1
0,331
5,3
5,4
6,3
6,5
6,4
0,320
0,319
0,318
0,317
0,315
0,408
0,311
0,432
0,431
0,429
0,428
0,405
0,400
0,424
0,398
0,394
54,5
54,4
54,3
54,2
54,1
54,0
0,362
53,4
53,3
53,2
53,1
53,0
52,3
52,2
52,1
52,0
51,4
51,3
51,2
51,1
51,0
0,0
0,322
2,1
2,9
2,2
50,5
50,4
50,3
50,2
50,1
50,0
49,5
49,4
49,3
49,2
49,1
49,0
0,435
0,349
48,4
48,3
48,2
0,348
48,1
48,0
2,11
2,4
2,0
2,7
0,347
47,7
47,6
47,5
47,4
47,3
47,2
47,1
47,0
2,3
46,8
46,7
46,6
46,5
46,4
46,3
46,2
0,9
0,343
46,1
46,0
0,342
0,413
1,3
45,10
45,9
45,8
45,7
45,6
45,5
45,4
45,3
45,2
0,326
0,447
0,2
0,340
45,1
45,0
14,75
0,339
0,446
0,445
0,336
0,335
0,444
0,332
0,330
0,329
0,328
0,327
0,436
0,325
0,324
0,323
0,321
0,316
32,3
16,5
0,313
0,309
0,306
0,415
0,430
44,5
0,422
0,421
0,419
0,418
0,417
0,416
0,443
0,414
0,412
0,411
44,4
44,3
44,2
44,1
44,0
0,4
0,442
0,310
0,407
0,406
0,401
0,441
0,397
0,396
43,4
43,3
43,2
0,395
43,1
43,0
0,393
42,5
42,4
42,3
42,2
42,1
42,0
0,403
0,304
0,303
41,4
41,3
41,2
0,12
0,11
0,307
0,308
0,10
0,388
0,8
41,1
41,0
0,7
0,387
0,385
0,383
0,382
0,381
0,380
0,379
0,378
0,377
0,376
0,389
0,374
0,373
0,372
0,371
0,370
0,369
0,368
0,367
0,366
0,364
0,360
0,437
13,4
13,2
13,1
13,0
12,8
12,7
12,6
12,4
12,2
12,1
12,0
11,5
11,2
11,1
11,0
10,4
10,2
10,1
10,0
9,4
9,2
9,1
9,0
8,5
8,4
8,2
8,1
8,0
7,5
7,4
7,2
7,1
7,0
6,2
6,1
6,0
5,6
5,5
5,2
5,1
5,0
4,3
4,2
4,1
4,0
3,6
3,5
3,4
3,3
3,2
3,1
3,0
2,6
2,5
1,2
1,1
1,0
0,305
0,302
15,0
15,2
15,5
16,0
16,2
16,7
17,0
17,2
17,3
32,0
32,2
32,5
32,6
34,1
34,2
34,4
38,0
38,1
38,6
38,8
40,0
40,2
40,5
40,4
40,1
38,7
38,2
34,5
34,0
32,1
17,1
16,6
16,4
16,1
15,1
0,5
0,3
